$SPEC_ID:
Ba-133
$MEAS_TIM:
599.3238 600.0000
$DATE_MEA:
30-Oct-2018 04:30:27 PM
$DATA:
0 2048
0
0
0
0
0
0
0
0
0
0
0
0
0
0
0
0
0
0
1369
2268
4031
6241
8448
9763
9169
7164
5039
3193
1919
1235
831
681
676
689
731
814
902
1013
1047
1125
1159
1195
1192
1186
1158
1172
1254
1295
1360
1482
1527
1570
1579
1612
1612
1654
1769
2054
2338
2760
3155
3372
3417
3320
2967
2461
2046
1678
1445
1206
1172
1252
1024
1126
1143
1112
1096
1057
1125
1126
1143
1083
1018
1067
1073
1029
1073
1131
1096
1073
1049
1090
1096
1067
1088
1090
1075
1043
1045
1087
1015
993
926
1029
1046
1035
1084
1083
1053
1048
1081
1083
1098
1030
1122
1116
1084
1078
1077
1045
1054
1028
997
931
932
881
838
840
856
799
818
814
751
756
781
706
723
677
659
696
648
662
720
649
600
603
583
574
537
569
514
516
525
511
529
509
504
517
521
478
444
416
454
489
458
459
387
458
485
468
406
412
421
416
406
399
411
391
370
406
408
381
371
400
341
357
343
366
393
360
384
369
395
378
440
395
434
453
417
412
405
454
431
462
428
500
473
488
513
483
513
544
529
568
552
590
612
580
604
621
623
627
540
568
556
520
501
440
457
441
380
370
349
328
309
325
318
305
327
336
358
416
437
530
548
596
603
733
739
807
898
995
945
1000
1067
1041
1084
1168
1066
1031
1116
1047
1070
963
981
931
798
811
736
690
621
546
525
441
466
413
348
315
308
262
272
223
246
187
214
181
174
172
149
158
112
125
121
124
109
108
81
97
87
92
81
70
65
74
96
77
91
74
71
75
79
54
61
76
63
52
67
79
69
73
77
83
67
70
86
58
56
52
64
78
62
62
56
47
69
52
53
61
59
43
59
52
54
53
57
58
49
66
60
55
63
56
50
53
60
60
62
52
51
59
64
48
53
60
58
54
54
46
58
55
53
60
52
53
47
56
56
64
58
54
49
49
56
35
54
40
43
35
44
36
40
40
39
40
43
35
50
53
47
43
38
39
41
51
46
45
54
44
46
40
46
38
51
48
55
45
44
52
39
35
45
56
45
52
44
44
61
48
42
59
65
57
44
58
56
45
49
51
52
53
55
49
48
50
42
43
50
45
33
52
41
46
46
43
50
40
45
47
45
49
39
50
46
47
60
53
50
55
53
46
48
56
50
44
58
49
43
55
63
44
48
60
34
34
42
49
30
43
39
30
29
38
37
25
33
36
21
30
34
20
15
30
30
24
17
36
30
30
30
19
29
27
33
29
17
25
21
31
22
26
25
23
28
18
17
24
24
23
28
16
24
33
20
30
20
25
24
19
27
27
25
18
17
22
26
21
20
21
24
27
25
30
28
21
22
22
39
23
21
29
20
22
29
21
24
32
20
23
23
20
20
26
24
24
32
16
14
17
19
22
24
18
21
15
14
17
9
14
23
16
23
24
21
32
17
20
22
27
25
24
28
24
21
20
13
31
27
17
22
20
21
12
19
19
19
20
21
19
22
20
21
38
15
15
17
23
17
15
21
30
21
32
22
22
21
17
20
17
15
22
25
23
29
21
24
19
17
18
23
23
32
27
30
15
19
29
18
21
22
19
26
17
20
20
16
27
23
19
21
19
25
15
22
19
18
16
21
18
24
17
20
21
19
17
22
15
17
18
17
21
15
18
24
19
20
14
17
14
9
18
19
18
15
13
17
8
13
13
7
13
13
14
18
10
16
12
13
20
16
15
20
16
9
11
14
7
13
10
10
17
13
9
14
12
13
18
8
12
8
11
11
13
21
14
10
9
16
15
18
10
23
11
14
14
11
10
16
16
20
22
21
17
15
23
13
17
24
19
12
10
24
20
19
19
13
25
16
26
19
18
13
11
16
17
16
18
18
20
13
28
19
15
16
15
18
21
17
22
22
21
20
21
20
20
15
19
12
14
17
18
10
21
15
16
16
26
19
11
16
13
17
18
26
16
12
16
11
18
15
10
15
17
15
14
11
8
8
10
6
18
10
15
10
16
12
10
12
12
14
13
16
15
11
12
10
9
13
7
11
13
12
12
11
12
7
8
10
12
3
8
8
5
6
6
13
9
6
7
6
10
7
7
5
5
10
7
12
8
5
9
6
6
14
6
9
11
8
8
9
9
8
8
6
6
11
3
15
6
10
12
11
4
9
8
6
9
8
7
5
12
11
9
6
12
9
7
2
12
8
9
9
17
8
10
7
11
7
11
9
16
9
6
8
4
7
5
10
5
4
11
6
9
13
2
10
7
6
6
11
9
5
14
9
13
8
10
8
12
12
12
11
8
10
9
11
17
15
9
10
17
17
11
12
17
20
16
22
17
23
26
25
23
23
19
30
20
24
27
27
25
26
19
18
22
33
25
24
21
31
28
32
27
29
26
23
26
33
36
34
20
28
27
22
29
23
25
22
28
24
14
25
18
11
17
19
9
12
24
10
18
20
11
10
16
12
8
7
11
10
9
10
7
8
7
7
8
3
5
5
7
5
8
7
6
5
4
6
2
4
2
2
2
4
3
4
6
2
5
1
4
3
3
1
1
2
8
3
2
3
4
2
2
3
4
5
4
3
2
2
3
3
8
2
2
3
2
2
2
6
2
5
3
2
4
1
3
5
3
1
2
3
1
1
2
0
2
4
1
5
3
1
5
3
2
2
2
1
3
4
2
5
4
3
2
2
2
0
0
1
1
4
1
2
1
2
2
2
1
3
3
0
1
2
2
2
0
4
1
1
4
2
0
2
2
2
1
2
3
2
0
4
1
1
3
3
1
2
1
2
1
6
2
0
2
2
4
5
2
3
4
1
1
0
4
2
4
2
3
5
1
1
1
1
2
0
2
0
3
2
3
1
2
3
3
1
1
3
4
4
3
5
4
2
1
3
1
5
3
1
5
4
1
4
1
3
1
1
2
3
1
2
4
2
2
2
1
2
2
1
1
1
0
2
1
3
4
0
4
1
1
1
0
0
1
0
0
2
2
0
1
4
1
3
1
1
1
0
4
2
1
1
1
1
1
0
1
2
0
1
2
0
1
1
0
1
3
1
1
3
1
2
1
2
3
2
0
1
0
2
0
1
2
1
5
0
0
0
1
2
0
4
2
1
2
2
0
2
0
0
4
1
0
0
2
0
0
0
2
1
0
1
1
0
1
1
1
1
1
2
2
0
1
4
2
1
3
1
0
1
0
0
0
1
0
3
1
0
0
1
1
1
0
1
0
2
3
0
5
0
1
2
0
0
0
1
1
0
0
2
0
0
0
0
1
2
1
0
0
0
0
1
0
1
1
1
0
2
3
0
1
2
2
1
0
3
2
1
1
1
2
1
0
3
3
4
3
0
2
2
2
4
1
1
1
0
1
1
3
1
1
1
1
0
0
0
0
1
1
3
2
3
1
2
5
1
2
4
1
4
2
2
1
1
2
3
0
3
1
6
2
1
2
3
2
4
2
1
1
0
2
1
1
1
1
3
2
1
3
2
2
1
2
3
0
3
1
0
1
3
0
0
1
0
1
0
1
1
3
0
0
0
0
2
0
3
2
0
1
0
3
2
1
0
0
3
2
2
4
1
0
0
0
3
0
2
2
5
1
3
0
3
1
1
1
1
3
1
2
2
1
1
1
0
2
1
1
1
1
1
1
1
3
2
0
0
1
0
1
2
2
0
0
3
0
2
0
1
0
2
0
0
0
0
0
0
2
1
0
0
2
0
0
2
0
1
0
0
1
1
1
0
2
1
1
1
2
0
1
1
0
1
1
0
1
0
3
1
0
1
0
0
4
1
0
2
0
0
0
2
1
0
0
0
0
1
0
0
0
0
1
1
0
0
1
0
1
1
0
0
1
0
0
1
1
0
0
0
1
2
0
1
0
1
1
0
1
0
0
1
0
0
0
0
3
1
1
1
0
0
1
0
0
0
0
0
0
0
1
0
1
0
0
1
0
0
1
0
1
0
1
1
0
0
0
0
1
0
0
0
0
0
2
1
1
0
0
2
0
0
2
1
0
0
1
1
0
2
1
0
1
0
0
1
1
0
0
0
1
2
0
0
0
0
3
1
0
1
3
2
2
0
1
0
0
1
2
2
2
1
3
1
1
2
0
1
0
1
3
2
1
0
1
4
1
0
4
0
2
5
3
3
1
5
1
2
2
0
2
3
4
4
4
1
3
1
2
1
1
0
2
2
3
2
2
2
0
1
2
0
0
1
2
4
2
1
2
2
0
3
0
0
1
0
1
1
1
1
0
3
0
0
1
0
0
3
0
1
1
0
0
0
1
1
0
0
0
0
0
0
0
0
1
1
0
2
0
0
0
1
0
0
0
0
2
0
0
0
0
0
0
0
0
0
0
0
0
1
0
0
0
0
0
0
0
0
1
0
0
0
0
0
0
0
0
0
0
0
0
0
0
0
1
0
0
0
0
0
0
0
0
0
1
0
1
0
0
0
0
1
0
0
0
0
0
1
0
0
0
0
0
0
0
0
2
0
0
0
0
0
0
0
0
0
0
0
0
0
0
0
0
0
0
0
0
1
0
0
0
0
0
1
1
0
0
1
0
0
0
0
0
1
0
0
1
0
0
0
0
0
0
0
2
0
0
0
0
0
1
0
0
0
0
0
0
0
0
0
0
0
1
0
0
2
0
0
0
0
0
0
0
0
0
1
0
0
1
0
0
0
1
0
0
0
0
0
0
0
0
0
0
0
0
0
0
0
0
0
$ENER_FIT:
0.0000 0.0000 0.0000
$MCA_CAL:
0.0000 0.0000 0.0000
$ENDRECORD